qp = 233
qm = 100 * 160e-3

qr = qp - qm

